Most active IMEIs by total packet count
Source: raw_packets_2025-08-13.csv .. raw_packets_2025-08-19.csv (7 days)
Distinct IMEIs: 366   Total packets: 5,926,891

================================================================
TOP 5
================================================================
 1  864275070415933  85551
 2  864636065393148  83669
 3  864275072431177  82368
 4  866907059370766  82367
 5  864636063593277  81807

Whitelist:
864275070415933,864636065393148,864275072431177,866907059370766,864636063593277

================================================================
TOP 10
================================================================
 1  864275070415933  85551
 2  864636065393148  83669
 3  864275072431177  82368
 4  866907059370766  82367
 5  864636063593277  81807
 6  864275075739238  81336
 7  864275071589504  81125
 8  864275075775927  80748
 9  864636063579615  80589
10  864275075883184  79613

Whitelist:
864275070415933,864636065393148,864275072431177,866907059370766,864636063593277,864275075739238,864275071589504,864275075775927,864636063579615,864275075883184

================================================================
TOP 25
================================================================
 1  864275070415933  85551
 2  864636065393148  83669
 3  864275072431177  82368
 4  866907059370766  82367
 5  864636063593277  81807
 6  864275075739238  81336
 7  864275071589504  81125
 8  864275075775927  80748
 9  864636063579615  80589
10  864275075883184  79613
11  864275075883200  79195
12  864275075739279  78934
13  864275075883150  78311
14  864275078532994  75677
15  864636063626580  75015
16  864636065319085  74677
17  864275075734361  74527
18  864636069136725  73557
19  864636065174381  72699
20  864636066361532  72225
21  864275076484925  71372
22  864636064147735  71230
23  864275075766561  70902
24  864636063593681  70890
25  864636065174324  70086

Whitelist:
864275070415933,864636065393148,864275072431177,866907059370766,864636063593277,864275075739238,864275071589504,864275075775927,864636063579615,864275075883184,864275075883200,864275075739279,864275075883150,864275078532994,864636063626580,864636065319085,864275075734361,864636069136725,864636065174381,864636066361532,864275076484925,864636064147735,864275075766561,864636063593681,864636065174324
